6378137.0
6378137.000011701
6378137.000022273
6378137.000127995
6378137.001186192
6378137.011864642
6378137.128299826
6378138.74996551
6378141.562500789
6378145.572016263
6378150.784077896
6378157.203684805
6378157.485650476
6378157.54410767
6378157.602647541
6378157.627684412
6378157.652736375
6378157.665437675
6378157.678142851
6378157.685520566
6378157.692899588
6378157.700997618
6378157.7090972215
6378157.7099509025
6378157.710376194
6378157.710762289
6378157.714623054
6378157.753211945
6378158.137211773
6378161.774831991
6378167.351166356
6378171.165567649
6378172.89559126
6378172.254252687
6378168.984340709
6378162.854098463
6378161.278639311
6378159.580663159
6378157.744130051
6378157.715342968
6378157.713334643
6378157.711326176
6378157.710141106
6378157.709377078
6378157.7086802805
6378157.701712076
6378157.6320071425
6378156.932669246
6378149.710583773
6378139.182037092
6378138.744836452
6378138.306402128
6378137.425833189
6378137.210462383
6378137.167353062
6378137.124232022
6378137.037954784
6378137.004446171
6378137.00218075
6378137.00110431
6378137.000027863
6378136.999758676
6378136.999758676
6378136.999758676
6378136.999758676
6378136.999758676
6378136.999758676
6378136.999758676
6378136.999758676
6378136.999758676
6378136.999758676
6378136.999758676
