-0.7751199927362822
-0.7751199927259038
-0.7751199927165272
-0.7751199926227524
-0.7751199916841487
-0.7751199822125341
-0.7751198789363879
-0.7751184405450576
-0.775115945872471
-0.7751123895000529
-0.7751077664929346
-0.7751020724196546
-0.7751018223214234
-0.7751017704709962
-0.7751017185472365
-0.7751016963400058
-0.7751016741193877
-0.7751016628535747
-0.7751016515843238
-0.7751016450404302
-0.7751016384953779
-0.7751016313125778
-0.7751016241283826
-0.7751016233711833
-0.7751016229939545
-0.7751016226514857
-0.7751016192266137
-0.775101584959403
-0.7751012404377327
-0.7750976097954008
-0.7750900349518451
-0.7750813019603667
-0.7750714049558401
-0.7750603411579262
-0.7750481102467832
-0.775034714017998
-0.7750319169976896
-0.7750290742772723
-0.7750261634593054
-0.7750261190238193
-0.7750261159250735
-0.7750261128262761
-0.775026110997948
-0.7750261098192281
-0.7750261087442276
-0.7750260979938693
-0.7750259904549759
-0.7750249115352379
-0.775013769488902
-0.7749975262980173
-0.7749968517947304
-0.7749961753880973
-0.7749948168659693
-0.7749944845966634
-0.7749944180885575
-0.7749943515623706
-0.7749942184557551
-0.7749941667594075
-0.7749941632643643
-0.7749941616036566
-0.7749941599429377
-0.7749941595276406
-0.7749941595276406
-0.7749941595276406
-0.7749941595276406
-0.7749941595276406
-0.7749941595276406
-0.7749941595276406
-0.7749941595276406
-0.7749941595276406
-0.7749941595276406
-0.7749941595276406
