-0.04061004876404075
-0.04061004876319791
-0.04061004876243642
-0.04061004875482082
-0.040610048678595315
-0.04061004790939041
-0.04061003952217
-0.04060992270811766
-0.040609720111779754
-0.04060943129310302
-0.04060905585131586
-0.040608593426528256
-0.040608573115651164
-0.04060856890479509
-0.04060856468798358
-0.04060856288449888
-0.04060856107992697
-0.0406085601650123
-0.04060855924981841
-0.04060855871837835
-0.04060855818684419
-0.04060855760351751
-0.04060855702007753
-0.04060855695858417
-0.04060855692794881
-0.04060855690013638
-0.04060855662199702
-0.04060855383909968
-0.040608525859708165
-0.04060823098502133
-0.04060761565975772
-0.040606906110756846
-0.040606101840854184
-0.0406052026054333
-0.040604208361427835
-0.04060311923907515
-0.04060289182184301
-0.04060266068306919
-0.04060242400146478
-0.040602420388324414
-0.040602420136359
-0.04060241988438938
-0.040602419735724246
-0.040602419639880094
-0.04060241955246958
-0.04060241867833571
-0.04060240993412585
-0.040602322204930194
-0.0406014162220769
-0.040600095454540464
-0.04060004060927787
-0.04059998560925012
-0.04059987514499484
-0.040599848127487535
-0.04059984271957531
-0.04059983731019289
-0.040599826487017536
-0.040599822283480136
-0.04059982199929092
-0.040599821864255335
-0.04059982172921883
-0.04059982169545016
-0.04059982169545016
-0.04059982169545016
-0.04059982169545016
-0.04059982169545016
-0.04059982169545016
-0.04059982169545016
-0.04059982169545016
-0.04059982169545016
-0.04059982169545016
-0.04059982169545016
