1.4896959962579128
1.4896959962579128
1.4896959962579128
1.4896959962579128
1.4896959962579128
1.4896959962579128
1.4896959962579128
1.4896959962579128
1.4896959962579128
1.4896959962579128
1.4896959962579128
1.4896959962579128
1.4896959962579128
1.4896959962579128
1.4896959962579128
1.4896959962579128
1.4896959962579128
1.4896959962579128
1.4896959962579128
1.4896959962579128
1.4896959962579128
1.4896959962579128
1.4896959962579128
1.4896959962579128
1.4896959951419289
1.4896959940271939
1.489695982880372
1.4896958714648645
1.4896947625457229
1.4896841641976544
1.4896666331260093
1.4896511389600482
1.4896372283641632
1.489624583487455
1.489612972983343
1.489602223224914
1.4896001798639997
1.4895981641492024
1.4895961599996852
1.4895961298550584
1.4895961277533918
1.4895961256517547
1.4895961244117935
1.4895961243389324
1.4895961243389324
1.4895961243389324
1.4895961243389324
1.4895961243389324
1.4895961243389324
1.4895961243389324
1.4895961243389324
1.4895961243389324
1.4895961243389324
1.4895961243389324
1.4895961243389324
1.4895961243389324
1.4895961243389324
1.4895961243389324
1.4895961243389324
1.4895961243389324
1.4895961243389324
1.4895961243389324
1.4895961243389324
1.4895961243389324
1.4895961243389324
1.4895961243389324
1.4895961243389324
1.4895961243389324
1.4895961243389324
1.4895961243389324
1.4895961243389324
1.4895961243389324
