0.17453292519943295
0.17453292519943295
0.17453292519943295
0.17453292519943295
0.17453292519943295
0.17453292519943295
0.17453292519943295
0.17453292519943295
0.17453292519943295
0.17453292519943295
0.17453292519943295
0.17453292519943295
0.17453292519943295
0.17453292519943295
0.17453292519943295
0.17453292519943295
0.17453292519943295
0.17453292519943295
0.17453292519943295
0.17453292519943295
0.17453292519943295
0.17453292519943295
0.17453292519943295
0.17453292519943295
0.17452973395898175
0.1745265462904555
0.17449467113136496
0.17417607207068772
0.17100524805201264
0.14073223970327944
0.09091746586094596
0.04736229237365429
0.00879741991085247
-0.025708160689872334
-0.056856114895980116
-0.08518753009325278
-0.09051429689443774
-0.09575006884796093
-0.10093694130865191
-0.10101481294674126
-0.10102024195338352
-0.10102567086319587
-0.10102887389794116
-0.10102906211073472
-0.10102906211073472
-0.10102906211073472
-0.10102906211073472
-0.10102906211073472
-0.10102906211073472
-0.10102906211073472
-0.10102906211073472
-0.10102906211073472
-0.10102906211073472
-0.10102906211073472
-0.10102906211073472
-0.10102906211073472
-0.10102906211073472
-0.10102906211073472
-0.10102906211073472
-0.10102906211073472
-0.10102906211073472
-0.10102906211073472
-0.10102906211073472
-0.10102906211073472
-0.10102906211073472
-0.10102906211073472
-0.10102906211073472
-0.10102906211073472
-0.10102906211073472
-0.10102906211073472
-0.10102906211073472
-0.10102906211073472
