10
10.000165883472077
10.000331822246968
10.001991210649924
10.01858516008147
10.184531192453012
11.844643177204
25.523303352372892
39.27541037901793
53.09479583359781
66.97506916796534
80.90957903813678
81.46799177716983
81.58329309850116
81.6985976324079
81.74786346038613
81.7971298738046
81.82209674677726
81.84706376998156
81.86155833897975
81.87605295858994
81.8919570348893
81.90786117210226
81.90953725889176
81.91037225549377
81.91113030380258
81.91871084033752
81.99452154873626
82.75316130717191
90.39124245306753
104.68748912974088
119.2440941169584
134.02467161962144
148.99648682493878
164.13051301211593
179.3963568974123
182.43858265800603
185.4845889260693
188.5578893528676
188.6044576281807
188.60770472167545
188.610951819217
188.61286762264444
188.61410272812427
188.61522914540774
188.62649330810657
188.73913392047515
189.8654375575085
201.1171937356858
216.43639074956144
217.04803701125368
217.65958925664694
218.8824082322442
219.1803904719353
219.23998415599195
219.2995769168757
219.41875966590277
219.46502977259237
219.4681575907861
219.46964379099106
219.47112999061986
219.47150164431366
219.47150164431366
219.47150164431366
219.47150164431366
219.47150164431366
219.47150164431366
219.47150164431366
219.47150164431366
219.47150164431366
219.47150164431366
219.47150164431366
