0.0
6.738114363926057e-06
1.2825764215274697e-05
7.37022627287611e-05
0.0006824672478636252
0.006770117099212267
0.06764661561269868
0.5676466156126987
1.0676466156126987
1.5676466156126987
2.0676466156126985
2.5676466156126985
2.5876466156126985
2.5917758877810293
2.59590515994936
2.5976694268403406
2.599433693731321
2.6003277680129684
2.6012218422946156
2.6017408933504402
2.602259944406265
2.6028294658974014
2.603398987388538
2.6034590073326833
2.6034889081765793
2.603516053500956
2.6037875067447236
2.606502039182399
2.633647363559153
2.9051006073266916
3.4051006073266916
3.9051006073266916
4.405100607326691
4.905100607326691
5.405100607326691
5.905100607326691
6.0043357764827885
6.103570945638886
6.2035709456388854
6.205085273603969
6.205190863029985
6.205296452456001
6.205358750671948
6.205398913895809
6.205435542797563
6.205801831815098
6.209464721990447
6.246093623743935
6.612382641278817
7.112382641278817
7.1323826412788165
7.152382641278816
7.192382641278815
7.202131935570549
7.2040817944288955
7.206031653287242
7.209931371003936
7.211445384111756
7.211547730714882
7.2115963613016545
7.211644991888427
7.211778415926062
7.2119001252324075
7.21311721829586
7.225288148930385
7.346997455275638
7.846997455275638
8.346997455275638
8.846997455275638
9.346997455275638
9.846997455275638
10.0
